1119,-214
99,55,96
<class 'treeclass.stone'>:21,<class 'slimeclass.slime'>:16,<class 'treeclass.tree'>:8,<class 'treeclass.grass'>:16,<class 'treeclass.berry_tree'>:2,
<class 'treeclass.tree'>,<class 'slimeclass.slime'>,<class 'treeclass.stone'>,<class 'treeclass.berry_tree'>,<class 'treeclass.grass'>,
None,None,None,None,
380,272,322,225
-801,412,18,48,False	624,613,1443,249,False	103,623,922,259,False	740,881,1559,517,False	-577,413,242,49,True	-412,508,407,144,True	205,1007,1024,643,False	184,521,1003,157,False	-274,667,545,303,True	25,982,844,618,False	-314,722,505,358,True	263,495,1082,131,False	316,855,1135,491,False	732,822,1551,458,False	-251,1076,568,712,False	823,774,1642,410,False	279,935,1098,571,False	692,789,1511,425,False	-439,967,380,603,False	240,760,1059,396,False	
329,177,1148,-187,True	-387,351,432,-13,True	-315,48,504,-316,False	-699,-32,120,-396,False	22,240,841,-124,True	844,318,1663,-46,False	-780,306,39,-58,False	622,-79,1441,-443,False	392,254,1211,-110,False	-446,-16,373,-380,False	-42,-125,777,-489,False	407,176,1226,-188,False	-495,-278,324,-642,False	-223,-36,596,-400,False	711,110,1530,-254,False	20,333,839,-31,True	-618,158,201,-206,True	-481,327,338,-37,True	324,161,1143,-203,False	523,306,1342,-58,False	
-1289,-44,-470,-408,False	-2365,280,-1546,-84,False	-1302,-10,-483,-374,False	-1658,135,-839,-229,False	-1688,318,-869,-46,False	-1234,-71,-415,-435,False	-2373,151,-1554,-213,False	-1944,52,-1125,-312,False	-1841,-371,-1022,-735,False	-1306,243,-487,-121,True	-1943,-74,-1124,-438,False	-877,205,-58,-159,False	-1170,110,-351,-254,True	-1095,-70,-276,-434,False	-2426,105,-1607,-259,False	-1909,171,-1090,-193,False	-1741,303,-922,-61,False	-2153,-158,-1334,-522,False	-2146,29,-1327,-335,False	-1595,157,-776,-207,False	
-1406,884,-587,520,True	-1391,1049,-572,685,True	-1401,998,-582,634,True	-1157,1079,-338,715,True	-1992,829,-1173,465,False	-1186,1031,-367,667,True	-1992,1008,-1173,644,False	-1029,982,-210,618,True	-1595,736,-776,372,False	-1953,551,-1134,187,False	-1576,870,-757,506,False	-1713,774,-894,410,False	-1336,922,-517,558,True	-1429,733,-610,369,True	-2289,690,-1470,326,False	-2412,534,-1593,170,False	-2360,409,-1541,45,False	-893,988,-74,624,True	-2190,1015,-1371,651,False	-2436,373,-1617,9,False	
-1019,64,-200,-300	-519,764,300,400	
-488,460,412,4,True,True	-525,-182,294,-546,False,False	-266,681,634,198,True,True	-635,59,205,-370,True,True	70,-28,889,-392,False,False	-1481,482,-794,155,True,True	-2393,484,-1574,120,False,False	101,1036,920,672,False,False	181,-235,1000,-599,False,False	-1341,883,-633,452,True,True	-160,-150,659,-514,False,False	-2208,882,-1389,518,False,False	-2184,267,-1365,-97,False,False	768,378,1587,14,False,False	-1481,467,-601,36,True,True	
1
-819,-819